Sample	0	1	2	3	4	5	6	7	8	9	10	11	12	13	14	15
SRR23609077_1	(1.0, 3.01874655394229)	(2.0, 1.0613857746737732)	(3.0, 0.6800220547693439)	(4.0, 0.5544323960056362)	(5.0, 0.4058690191753967)	(6.0, 0.3629847454512038)	(7.0, 0.3805979293022116)	(8.0, 0.29406359125160814)	(9.0, 0.3308215401580592)	('>10', 5.304631501562213)	('>50', 3.371776021564663)	('>100', 6.690712491576304)	('>500', 5.53513447282975)	('>1k', 25.587361391901)	('>5k', 0.0)	('>10k+', 46.42146051583655)
SRR23609077_2	(1.0, 3.89557679348159)	(2.0, 1.203822826686271)	(3.0, 0.6915089138026098)	(4.0, 0.45947436133063774)	(5.0, 0.402040066164308)	(6.0, 0.3905532071310421)	(7.0, 0.3323531213624947)	(8.0, 0.30018991606934997)	(9.0, 0.39285057893769526)	('>10', 5.3689579121485025)	('>50', 3.5808368559701034)	('>100', 7.330913435030325)	('>500', 4.5947436133063775)	('>1k', 25.873001286528215)	('>5k', 0.0)	('>10k+', 45.18317711205048)
SRR23609078_1	(1.0, 0.8513459160720404)	(2.0, 0.2130226876610705)	(3.0, 0.17652579362123672)	(4.0, 0.1608842676041651)	(5.0, 0.13779439586467845)	(6.0, 0.16982228247106318)	(7.0, 0.10427684011381072)	(8.0, 0.143008237870369)	(9.0, 0.09384915610242965)	('>10', 2.5957484842616454)	('>50', 0.3753966244097186)	('>100', 0.4781837953790463)	('>500', 1.1127828509288087)	('>1k', 2.9294343726258396)	('>5k', 0.0)	('>10k+', 90.45792429501408)
SRR23609078_2	(1.0, 1.4449790701485201)	(2.0, 0.2517540854176287)	(3.0, 0.20110533450520637)	(4.0, 0.11023551669174275)	(5.0, 0.14151856872588597)	(6.0, 0.11619419326967481)	(7.0, 0.13034605014226341)	(8.0, 0.16684294418209716)	(9.0, 0.13407022300347093)	('>10', 2.703004662664422)	('>50', 0.3619896021093715)	('>100', 0.6122540183825173)	('>500', 1.1366175572405368)	('>1k', 2.861654426551863)	('>5k', 0.0)	('>10k+', 89.6274337469648)
SRR23609079_1	(1.0, 3.629652010561854)	(2.0, 1.2978994522023568)	(3.0, 0.8670178526857848)	(4.0, 0.6200491310116522)	(5.0, 0.5188970481983106)	(6.0, 0.44927288730081577)	(7.0, 0.3126518923321467)	(8.0, 0.38884437029544294)	(9.0, 0.4138039751454882)	('>10', 6.467164982988059)	('>50', 3.0700313965555748)	('>100', 10.119149271573638)	('>500', 12.51658500059115)	('>1k', 9.089237155655978)	('>5k', 0.0)	('>10k+', 50.23974357290175)
SRR23609079_2	(1.0, 4.5531573900135305)	(2.0, 1.3478186619024473)	(3.0, 0.7842570576566873)	(4.0, 0.6253037846642934)	(5.0, 0.5780119017905232)	(6.0, 0.44927288730081577)	(7.0, 0.37702139957700037)	(8.0, 0.3783350629901607)	(9.0, 0.24828238508729292)	('>10', 7.003139655557453)	('>50', 2.8059850505103583)	('>100', 9.01173101427952)	('>500', 15.178067075653875)	('>1k', 7.868843844830077)	('>5k', 0.0)	('>10k+', 48.790772828185965)
SRR23609080_1	(1.0, 1.0241539301310043)	(2.0, 0.26200873362445415)	(3.0, 0.2087882096069869)	(4.0, 0.13919213973799124)	(5.0, 0.12281659388646289)	(6.0, 0.11462882096069868)	(7.0, 0.1050764192139738)	(8.0, 0.14192139737991266)	(9.0, 0.10439410480349345)	('>10', 2.2591430131004366)	('>50', 0.4223526200873362)	('>100', 0.6127183406113538)	('>500', 0.6093067685589519)	('>1k', 2.330103711790393)	('>5k', 5.373908296943231)	('>10k+', 86.16948689956332)
SRR23609080_2	(1.0, 1.5345251091703058)	(2.0, 0.31386462882096067)	(3.0, 0.2169759825327511)	(4.0, 0.14737991266375547)	(5.0, 0.1023471615720524)	(6.0, 0.13919213973799124)	(7.0, 0.11462882096069868)	(8.0, 0.10917030567685589)	(9.0, 0.17194323144104803)	('>10', 2.476801310043668)	('>50', 0.5601801310043668)	('>100', 0.5963427947598253)	('>500', 0.5942958515283843)	('>1k', 2.3492085152838427)	('>5k', 5.732805676855896)	('>10k+', 84.8403384279476)
SRR23609081_1	(1.0, 11.530446400973169)	(2.0, 3.07903999361857)	(3.0, 1.9234028975680768)	(4.0, 1.3919494271669441)	(5.0, 1.146663210058729)	(6.0, 0.8854234178540447)	(7.0, 0.8026642470411103)	(8.0, 0.7498180295340559)	(9.0, 0.6012503614481858)	('>10', 10.478507543049725)	('>50', 5.16197864215134)	('>100', 20.62697550129124)	('>500', 14.234577379824708)	('>1k', 27.3873029484201)	('>5k', 0.0)	('>10k+', 0.0)
SRR23609081_2	(1.0, 11.918317695506078)	(2.0, 3.1388659002303294)	(3.0, 1.8546031049645533)	(4.0, 1.387961033392827)	(5.0, 1.061909842358736)	(6.0, 0.9093537804987487)	(7.0, 0.7677658015175839)	(8.0, 0.7418412419858212)	(9.0, 0.6191981334317137)	('>10', 10.320965988972091)	('>50', 5.4451546001136695)	('>100', 20.695775293894766)	('>500', 12.970256553429522)	('>1k', 28.16803102970356)	('>5k', 0.0)	('>10k+', 0.0)
SRR23609082_1	(1.0, 6.745077684687817)	(2.0, 1.9018425936353889)	(3.0, 1.2089725447182735)	(4.0, 0.8382993100679159)	(5.0, 0.6292141433628926)	(6.0, 0.5493994310141365)	(7.0, 0.48329522140013614)	(8.0, 0.38389407657315777)	(9.0, 0.28645157499400165)	('>10', 6.039966115471813)	('>50', 3.8110300994501105)	('>100', 14.352937720041329)	('>500', 12.107353236413136)	('>1k', 41.300930845203524)	('>5k', 9.361335402966366)	('>10k+', 0.0)
SRR23609082_2	(1.0, 7.377229792922442)	(2.0, 1.8881320909006332)	(3.0, 1.194282720359607)	(4.0, 0.8461338830592049)	(5.0, 0.6610420961400039)	(6.0, 0.5729031499880033)	(7.0, 0.5175714782370252)	(8.0, 0.37997679007751334)	(9.0, 0.33052104807000193)	('>10', 5.975820549105634)	('>50', 3.8007472223990444)	('>100', 14.658486066701595)	('>500', 10.354857190424195)	('>1k', 44.961635075383285)	('>5k', 6.480660846231816)	('>10k+', 0.0)
SRR23609083_1	(1.0, 4.59185118070106)	(2.0, 1.20052098080299)	(3.0, 0.6561809842006908)	(4.0, 0.5832719859561696)	(5.0, 0.4070162523359193)	(6.0, 0.32278158446118127)	(7.0, 0.2774789059403137)	(8.0, 0.3397700889065066)	(9.0, 0.25482756667987994)	('>10', 6.122232289484115)	('>50', 4.2895973724446455)	('>100', 18.313607792060704)	('>500', 10.4217396228552)	('>1k', 48.62817826603998)	('>5k', 3.5909451271306416)	('>10k+', 0.0)
SRR23609083_2	(1.0, 5.071776431281499)	(2.0, 1.187779602468996)	(3.0, 0.6901579930913415)	(4.0, 0.5351378900277479)	(5.0, 0.4105555240953621)	(6.0, 0.3397700889065066)	(7.0, 0.2477490231609944)	(8.0, 0.28880457557053063)	(9.0, 0.22297412084489493)	('>10', 5.988447816977178)	('>50', 4.191913471884025)	('>100', 18.319270626875813)	('>500', 10.450053796930742)	('>1k', 52.055609037884366)	('>5k', 0.0)	('>10k+', 0.0)
SRR23609084_1	(1.0, 10.044786365766218)	(2.0, 2.4768712746134316)	(3.0, 1.6296352798875438)	(4.0, 1.2291732502261112)	(5.0, 0.9425840970262288)	(6.0, 0.7911168259434014)	(7.0, 0.6102278547221829)	(8.0, 0.5012585949503645)	(9.0, 0.5639159193191601)	('>10', 8.71100262615916)	('>50', 4.128845252754198)	('>100', 16.781810851158887)	('>500', 9.762011136658348)	('>1k', 41.826760670814764)	('>5k', 0.0)	('>10k+', 0.0)
SRR23609084_2	(1.0, 10.521526877267922)	(2.0, 2.450718652268195)	(3.0, 1.5609846462312982)	(4.0, 1.2422495613987294)	(5.0, 0.9316871710490471)	(6.0, 0.7388115812529286)	(7.0, 0.7284595015746058)	(8.0, 0.6363804770674193)	(9.0, 0.43151826869640075)	('>10', 8.687574235308219)	('>50', 4.053111617212784)	('>100', 16.685917902559687)	('>500', 11.242358530658501)	('>1k', 40.08870097745426)	('>5k', 0.0)	('>10k+', 0.0)
SRR23609085_1	(1.0, 10.092782315084701)	(2.0, 2.105278346945254)	(3.0, 1.1731263167008166)	(4.0, 0.8744336382788376)	(5.0, 0.6529393091108482)	(6.0, 0.5064788894981386)	(7.0, 0.4191798216501688)	(8.0, 0.37516954777639894)	(9.0, 0.40258578396005884)	('>10', 6.038065279501313)	('>50', 4.069868113474358)	('>100', 15.625090184987448)	('>500', 11.750743124296557)	('>1k', 41.270814695102594)	('>5k', 4.643444633632507)	('>10k+', 0.0)
SRR23609085_2	(1.0, 10.551643531211221)	(2.0, 2.0663184323684742)	(3.0, 1.2510461458543765)	(4.0, 0.9177224322530375)	(5.0, 0.6565467086086981)	(6.0, 0.5454388040749184)	(7.0, 0.4141294623531788)	(8.0, 0.3982569045626389)	(9.0, 0.37011918847940894)	('>10', 5.827393148826874)	('>50', 3.7805546737467894)	('>100', 16.949727280597962)	('>500', 10.912383480996219)	('>1k', 40.84658451415544)	('>5k', 4.512135291910767)	('>10k+', 0.0)
SRR23609086_1	(1.0, 4.078037654390127)	(2.0, 1.029437220621328)	(3.0, 0.6567626184972865)	(4.0, 0.4032217006587991)	(5.0, 0.31310775998126444)	(6.0, 0.2963068557871478)	(7.0, 0.2708509403415165)	(8.0, 0.24437678827806006)	(9.0, 0.2565956276919631)	('>10', 4.445621073425043)	('>50', 3.198790334898024)	('>100', 15.425266523434717)	('>500', 11.530511460253132)	('>1k', 42.969076153916646)	('>5k', 14.882037287824945)	('>10k+', 0.0)
SRR23609086_2	(1.0, 4.665051064566384)	(2.0, 1.0671119754808622)	(3.0, 0.6705088128379273)	(4.0, 0.45006058507876057)	(5.0, 0.3258357177040801)	(6.0, 0.27492388681281754)	(7.0, 0.24234031504240958)	(8.0, 0.23215794886415705)	(9.0, 0.27034182203260393)	('>10', 4.388090704517915)	('>50', 3.240028917919946)	('>100', 15.811178201590486)	('>500', 11.387958333757599)	('>1k', 48.03378509097944)	('>5k', 8.94062662281461)	('>10k+', 0.0)
