Sample	0	1	2	3	4	5	6	7	8	9	10	11	12	13	14	15
SRR23609077_1	(1.0, 2.9362241955945105)	(2.0, 1.0579325721754507)	(3.0, 0.6735093991465806)	(4.0, 0.559720139930035)	(5.0, 0.3959558682197363)	(6.0, 0.35520701187867604)	(7.0, 0.37673470956829275)	(8.0, 0.2952369968861723)	(9.0, 0.3321416214969438)	('>10', 5.326567485488025)	('>50', 3.335255449198478)	('>100', 6.702033598585324)	('>500', 5.540306769692077)	('>1k', 25.62334217506631)	('>5k', 0.0)	('>10k+', 46.48983200707338)
SRR23609077_2	(1.0, 3.6197285972398414)	(2.0, 1.1870987583131511)	(3.0, 0.6896551724137931)	(4.0, 0.4582324222504133)	(5.0, 0.3959558682197363)	(6.0, 0.38749855841310116)	(7.0, 0.33367931418905933)	(8.0, 0.30753853842309614)	(9.0, 0.4082574097566601)	('>10', 5.357321339330335)	('>50', 3.5928189751278206)	('>100', 7.350939914658055)	('>500', 4.607696151924038)	('>1k', 25.96086572098566)	('>5k', 0.0)	('>10k+', 45.34271325875523)
SRR23609078_1	(1.0, 0.5390115502475052)	(2.0, 0.21686178989549776)	(3.0, 0.19093266284277519)	(4.0, 0.1540033000707158)	(5.0, 0.18071815824624815)	(6.0, 0.1320028286320421)	(7.0, 0.1540033000707158)	(8.0, 0.1634320735444331)	(9.0, 0.13436002200047145)	('>10', 2.2416908933762865)	('>50', 0.3614363164924963)	('>100', 0.3834367879311699)	('>500', 1.1141667321442603)	('>1k', 2.908776616641785)	('>5k', 0.0)	('>10k+', 91.1251669678636)
SRR23609078_2	(1.0, 0.6034415023179068)	(2.0, 0.18386108273748722)	(3.0, 0.1885754694743459)	(4.0, 0.11628820617584662)	(5.0, 0.1689321914041015)	(6.0, 0.19328985621120454)	(7.0, 0.15950341793038422)	(8.0, 0.20743301642178047)	(9.0, 0.17678950263219925)	('>10', 2.3532647128152746)	('>50', 0.3135067180011)	('>100', 0.546868861475603)	('>500', 1.1558104816531782)	('>1k', 2.8749901783609646)	('>5k', 0.0)	('>10k+', 90.75744480238862)
SRR23609079_1	(1.0, 3.541515531227329)	(2.0, 1.2794301919145288)	(3.0, 0.8665831299874696)	(4.0, 0.6014640902196136)	(5.0, 0.5210050781507617)	(6.0, 0.44318406647761)	(7.0, 0.32315504847325727)	(8.0, 0.3904240585636088)	(9.0, 0.4036140605421091)	('>10', 6.460462969069446)	('>50', 3.077227461584119)	('>100', 10.132559519883928)	('>500', 13.854778078216711)	('>1k', 7.788696168304425)	('>5k', 0.0)	('>10k+', 50.315900547385084)
SRR23609079_2	(1.0, 4.266965640044846)	(2.0, 1.3427422014113302)	(3.0, 0.7637011145551672)	(4.0, 0.6331200949680142)	(5.0, 0.573765086064763)	(6.0, 0.45901206885181034)	(7.0, 0.37855305678295853)	(8.0, 0.3693200553980083)	(9.0, 0.24929103739365563)	('>10', 7.019719052957858)	('>50', 2.814746422211963)	('>100', 9.044384356657654)	('>500', 15.23049528457429)	('>1k', 7.900811185121678)	('>5k', 0.0)	('>10k+', 48.953373343006)
SRR23609080_1	(1.0, 0.7064166780450296)	(2.0, 0.232837236710671)	(3.0, 0.18756332957248495)	(4.0, 0.1408521555410232)	(5.0, 0.14013352209438532)	(6.0, 0.13366582107464445)	(7.0, 0.10563911665576739)	(8.0, 0.16097389204688364)	(9.0, 0.10995091733559464)	('>10', 2.0653525256372482)	('>50', 0.3449440543861792)	('>100', 0.5246024160456475)	('>500', 0.6223365647883984)	('>1k', 2.31471833162059)	('>5k', 5.389032216337413)	('>10k+', 86.82098122210805)
SRR23609080_2	(1.0, 0.7754054889222655)	(2.0, 0.22277636845774076)	(3.0, 0.20912233297162114)	(4.0, 0.16384842583343515)	(5.0, 0.14013352209438532)	(6.0, 0.18540742923257134)	(7.0, 0.13582172141455806)	(8.0, 0.1322285541813687)	(9.0, 0.2134341336514484)	('>10', 2.1436835713207767)	('>50', 0.40890243113694996)	('>100', 0.595747127262797)	('>500', 0.6022148282825379)	('>1k', 2.3585549718655003)	('>5k', 5.803683715047465)	('>10k+', 85.90903537832459)
SRR23609081_1	(1.0, 18.64529660029518)	(2.0, 3.9408611895082983)	(3.0, 2.4779265166619195)	(4.0, 1.9160560316926023)	(5.0, 1.488827321923306)	(6.0, 1.0874912612309364)	(7.0, 1.4862380570156133)	(8.0, 1.0149918438155408)	(9.0, 0.7923150617539682)	('>10', 16.01719271898708)	('>50', 9.383496025478365)	('>100', 21.219025918541725)	('>500', 11.34874809041713)	('>1k', 9.181533362678335)	('>5k', 0.0)	('>10k+', 0.0)
SRR23609081_2	(1.0, 19.02074001191062)	(2.0, 3.9563967789544545)	(3.0, 2.5866756427850133)	(4.0, 1.7089148390771862)	(5.0, 1.5017736464617695)	(6.0, 1.3671318712617488)	(7.0, 1.0149918438155408)	(8.0, 0.9528494860309158)	(9.0, 0.7457082934154993)	('>10', 16.213976851971726)	('>50', 9.383496025478365)	('>100', 24.085342171357553)	('>500', 11.63615649517102)	('>1k', 5.825846042308588)	('>5k', 0.0)	('>10k+', 0.0)
SRR23609082_1	(1.0, 8.428616385188294)	(2.0, 2.328752753592783)	(3.0, 1.4790726948494701)	(4.0, 1.022763033672506)	(5.0, 0.8654148746459667)	(6.0, 0.771005979230043)	(7.0, 0.6057904122521767)	(8.0, 0.7447812860589531)	(9.0, 0.5900555963495228)	('>10', 11.283174236861429)	('>50', 8.170303157453057)	('>100', 20.485419070596876)	('>500', 9.543165844959614)	('>1k', 33.68168467428931)	('>5k', 0.0)	('>10k+', 0.0)
SRR23609082_2	(1.0, 8.759047519144026)	(2.0, 2.3654673240323087)	(3.0, 1.420067135214518)	(4.0, 1.1696213154306094)	(5.0, 0.8916395678170566)	(6.0, 0.7552711633273891)	(7.0, 0.5690758418126508)	(8.0, 0.5349837406902339)	(9.0, 0.6962656036924368)	('>10', 11.129759781810552)	('>50', 8.64890380782545)	('>100', 19.05486205811392)	('>500', 10.729833210951432)	('>1k', 33.27520193013741)	('>5k', 0.0)	('>10k+', 0.0)
SRR23609083_1	(1.0, 4.9843583091713715)	(2.0, 1.4802380589043187)	(3.0, 1.0071722875019073)	(4.0, 0.9613917289790935)	(5.0, 0.9156111704562795)	(6.0, 0.7439340759957271)	(7.0, 0.7611017854417824)	(8.0, 0.6409278193193957)	(9.0, 0.49786357393560204)	('>10', 12.629711582481306)	('>50', 10.27392034182817)	('>100', 23.409125591332213)	('>500', 14.655501297115824)	('>1k', 27.039142377537008)	('>5k', 0.0)	('>10k+', 0.0)
SRR23609083_2	(1.0, 5.257134137036472)	(2.0, 1.5908744086677857)	(3.0, 0.9556691591637418)	(4.0, 0.9613917289790935)	(5.0, 0.8297726232260034)	(6.0, 0.8011597741492447)	(7.0, 0.6008698306119334)	(8.0, 0.610407446970853)	(9.0, 0.6180375400579887)	('>10', 13.428963833358768)	('>50', 8.91957881886159)	('>100', 25.068670837784218)	('>500', 11.880054936670227)	('>1k', 28.47741492446208)	('>5k', 0.0)	('>10k+', 0.0)
SRR23609084_1	(1.0, 12.447858124141376)	(2.0, 3.0473335831147743)	(3.0, 1.9033345822405394)	(4.0, 1.4687148744848257)	(5.0, 1.1614837017609592)	(6.0, 0.8392656425627577)	(7.0, 0.751842138129137)	(8.0, 0.9891345073061072)	(9.0, 0.6968902210565755)	('>10', 11.924566004745847)	('>50', 4.951917072561509)	('>100', 20.129886349444238)	('>500', 15.491444985637568)	('>1k', 24.19632821281379)	('>5k', 0.0)	('>10k+', 0.0)
SRR23609084_2	(1.0, 12.623954040214812)	(2.0, 3.1072811290121143)	(3.0, 1.8995878606219558)	(4.0, 1.3238416385662544)	(5.0, 1.1989509179467965)	(6.0, 0.9291869614087672)	(7.0, 0.9354314974397402)	(8.0, 0.8492569002123143)	(9.0, 0.775571375046834)	('>10', 11.432496565505183)	('>50', 5.196702884975647)	('>100', 19.99750218558761)	('>500', 15.788684900711877)	('>1k', 23.941551142750093)	('>5k', 0.0)	('>10k+', 0.0)
SRR23609085_1	(1.0, 11.60357903139968)	(2.0, 2.401543374135178)	(3.0, 1.3770622671633848)	(4.0, 1.1575306013837148)	(5.0, 0.765034592868547)	(6.0, 0.9579563597658328)	(7.0, 0.6053751995742416)	(8.0, 0.5588078765300691)	(9.0, 0.4640101117615753)	('>10', 9.681013837147418)	('>50', 4.804749866950505)	('>100', 23.83249068653539)	('>500', 14.78512506652475)	('>1k', 27.00572112825971)	('>5k', 0.0)	('>10k+', 0.0)
SRR23609085_2	(1.0, 11.804816391697711)	(2.0, 2.394890899414582)	(3.0, 1.4369345396487492)	(4.0, 1.2107503991484831)	(5.0, 0.9063996806812133)	(6.0, 0.8881053751995741)	(7.0, 0.547166045769026)	(8.0, 0.4656732304417243)	(9.0, 0.4789781798829164)	('>10', 9.81572645023949)	('>50', 4.42555880787653)	('>100', 24.29151144225652)	('>500', 16.138903672166048)	('>1k', 25.194584885577438)	('>5k', 0.0)	('>10k+', 0.0)
SRR23609086_1	(1.0, 5.722475846692856)	(2.0, 1.3419683618218494)	(3.0, 0.8567788512580953)	(4.0, 0.6667374455887036)	(5.0, 0.594542945110946)	(6.0, 0.45227731181654107)	(7.0, 0.43104363520543576)	(8.0, 0.3906996496443359)	(9.0, 0.45864741479987264)	('>10', 9.071026648264146)	('>50', 5.281877057012422)	('>100', 22.202993948402167)	('>500', 11.255971971546872)	('>1k', 41.272958912835755)	('>5k', 0.0)	('>10k+', 0.0)
SRR23609086_2	(1.0, 6.587748168595392)	(2.0, 1.3504618324662916)	(3.0, 0.8153731818664401)	(4.0, 0.6624907102664827)	(5.0, 0.5202250769720776)	(6.0, 0.45227731181654107)	(7.0, 0.47563435608875676)	(8.0, 0.3397388257776834)	(9.0, 0.49686803269986196)	('>10', 9.105000530841915)	('>50', 4.758466928548678)	('>100', 23.513111795307356)	('>500', 10.930035035566409)	('>1k', 39.99256821318611)	('>5k', 0.0)	('>10k+', 0.0)
